FiniteElementSpace
FiniteElementCollection: RT_3D_P0
VDim: 1
Ordering: 0

0.015980044
-0.013152417
-0.013124033
0
0.024136231
-0.018144276
-0.013565558
0
0.023735617
-0.013398585
-0.013256469
0
0.020369585
-0.017830545
-0.017657023
0.013754989
-0.014377142
0.0046944932
0.028703978
-0.016816126
0.029924633
0.024193988
-0.0059151484
0
0.031827729
-0.023024855
-0.017503874
0
0.038306875
-0.029289837
-0.031484967
0
0.04429699
-0.031146694
-0.024334167
0
0.030175258
-0.02433646
-0.0265609
0.017519129
-0.022894353
0.010959014
0.051658287
-0.02583039
0.053088879
0.040751091
-0.012389606
0
0.031248194
-0.017252659
-0.019062063
0
0.044384652
-0.031504257
-0.025668326
0
0.039273841
-0.030512096
-0.0249997
0
0.030542268
-0.02659248
-0.02387391
0.013994949
-0.021522924
0.011291984
0.051265135
-0.023270135
0.052664637
0.04258954
-0.012691487
0
0.022432176
-0.021194544
-0.021166822
0.018532433
0.025406949
-0.023031555
-0.024238769
0.019893898
0.025591829
-0.024103804
-0.022729561
0.018952742
0.022765277
-0.022536942
-0.022797836
0.021520422
-0.021913723
0.0013514862
0.045503594
-0.022660718
0.045762954
0.025269955
-0.0016108466
0.01918254
-0.018086519
0.010567056
0.036875091
-0.022256184
-0.026073756
0.0053200719
0.047695807
-0.015798987
0.007743945
0.036890796
-0.019163885
0.0033453407
0.039615528
-0.012049167
0.019004943
0.0040108704
0.01921636
-0.020256752
0.01183775
0.03800985
-0.013687233
-0.019370371
0.03813887
-0.022499762
0.048193526
-0.020667669
0.040281058
-0.023868274
0.047962222
-0.0042999221
-0.020293946
0.025929994
-0.021672557
0.047437311
-0.021703497
-0.025899054
0.031958232
-0.011830836
0.031138017
0.026157324
-0.0058177915
0.030699283
-0.0048248329
0.044158487
-0.014748775
-0.053775007
0.023810071
-0.014457033
-0.013389835
-0.014157573
0.032142415
-0.024109531
0.01548723
0
0.014598724
0
-0.052416068
0
0.0088629997
0
-0.021135996
0.033664628
0.033475291
0.021325332
-0.00025150089
-0.012595615
0
0.0033889861
-0.016143308
0
-0.00055412999
-0.018238147
-0.0018589104
6.7661548e-05
-0.015999515
0
0.013085763
-0.013043233
0.0012261661
0.01642214
0
0.015822069
0.0020948216
-0.00037484409
0.0041019663
-0.019530191
0
0
-0.024987966
0
0
-0.023571981
-0.0043156604
0
-0.021307774
0
0.019666675
-0.021662752
0.00040341559
0.026127006
0
0.026234914
0
0.0019644034
-0.00034467217
-0.021425056
-0.0012668412
0
-0.022626766
-0.0020438415
0
-0.022595305
-0.00060777341
0
-0.021743419
-0.00052377289
0.021532609
-0.021221509
-0.00014277792
0.022394997
-0.00029751139
0.022338307
0
0.00055299622
-3.7003991e-05
-0.018722096
0
0.016642341
0
-0.020172308
0
0.019422202
0
-0.020746458
-0.00062614711
0.02056486
0
-0.019574033
0
0.019177168
-0.019219455
-2.642772e-05
0.020372767
0
0.02027511
0
0.00042936706
0.020460045
-0.018060846
0.0022621551
0.021028753
-0.020793717
-0.00086143902
-1.4385715e-05
0.02128428
-0.01808633
-0.00014381792
0.020409527
-0.01643341
0.00093330596
0.017896198
0.00093964961
-0.01995092
0.00072929942
0.00022398858
-0.018289177
0.019952313
0.021009264
-0.014493274
0
0.020352857
-0.00036299069
0.021276882
0
0.018660954
0
0.02249235
1.6814899e-05
0
0.0017756756
-0.019076386
0.021830264
-0.019826179
-0.0018510379
0.0034642897
-0.0011215782
0
0.020879082
0.00033738449
0
0.00066944101
0
0.00125883
-0.024409257
0.022824594
0.00097569531
0.0023012371
0
-0.022425374
0.00034158196
0.0031601276
0.021348447
-0.02366429
-5.7472236e-06
-0.021051992
0.00087164968
0.0016432796
0.020878535
-0.024756745
0
0
-0.019065007
0.0044084988
0
-0.024025873
0
-0.0038118749
-0.021288603
0
0
0.019237316
0
-0.027090885
0.0010734799
0
-0.00050020938
-0.021499961
0.02610948
-0.015887218
0.0034698061
0
-0.012548164
-0.00019429937
0
-0.017801347
-0.00044064702
-0.0011825559
-0.015846807
7.5867852e-05
0
0.012994767
0.0021009721
-0.015577787
-0.00089257691
0
-0.0012569363
-0.012854772
0.015696421
-0.022935882
0
-0.0018434208
-0.021277105
-0.00029575519
-0.00095507328
-0.022801719
0
-0.00044433599
-0.021918516
0
-0.00057691158
0.021534147
0
-0.022560243
0.00039161868
-0.00031139661
7.1336007e-05
-0.02118022
0.02239389
-0.020139121
0
0
0.019267279
-0.01859819
-4.5457801e-05
0
0.016484062
-0.020777823
0
-0.00065224075
0.020497307
-0.01950859
0
0
0.019081374
0
-0.020272687
0.00044550422
0
3.0748182e-05
-0.019121023
0.020363229
0.020381356
0.0036283936
-0.020066037
-0.0020057428
0
0.02087454
-0.021365036
0.00033274033
0
-0.025147349
0.00087769055
0
-0.022739804
0.0006131983
-0.021727285
0.023124749
0.0010827185
0.002540308
0
-0.02279009
0.0002108577
-0.01423781
0
-0.0024101909
-0.00036434144
-1.5197673e-05
0
-1.6970302e-05
0
-0.00096089178
0.018505885
0
-0.018910931
0.0018576946
-0.0010601353
0.0019386551
0.019682884
-0.017805995
0.020103677
-0.020754186
-0.00092237615
0.021365397
-0.016250306
0.017638855
-0.017818886
0.019958652
-9.854803e-05
-0.019808641
0.00067456888
0.00018037328
-0.018045714
0.01982102
0.020848593
0.0022659151
0.021334123
0.00037105318
-0.0237947
0.0011709629
-0.020780423
-0.020826829
-0.0018301602
0.023574718
0
0
0.025302805
0.0010014285
0
0.025286464
0
0.00089554049
0.025717156
0
0
-0.024853927
0
0.024266248
-0.00095629066
0
-0.0013749021
0.025341149
-0.024770256
0.028679167
0.0029406911
0
0.036175053
0.0052362138
0
0.036567689
0.0056735301
0.0054464636
0.033393804
0.003161408
0
-0.036717191
0.0051623897
0.03346478
-0.0084163374
0
-0.0088813473
0.034958447
-0.035117471
0.028879668
0
0.0030327881
0.036596958
0.0046588951
0.0073243736
0.035776734
0
0.006922438
0.033316376
0
0.0038232607
-0.037323892
0
0.034356718
-0.0087001218
0.0038580332
-0.0094155381
0.034512667
-0.037071933
0.029193094
0
0
-0.027936184
0.032419609
0.0013217946
0
-0.034229591
0.032473072
0
0.0017867647
-0.034186232
0.032189796
0
0
-0.031995248
0
0.031298019
-0.0013547848
0
-0.0018806234
0.032265691
-0.032236977
-0.033371459
0.0023371573
0.027442665
-0.0038821012
0
-0.029008922
0.032927165
-0.0038628899
0
0.027565737
-0.0036721785
0
0.027201171
-0.0012790855
0.028391153
-0.025446452
-0.0026490253
-0.00081123438
0
0.02602879
-0.0043108097
0.029534475
0
-0.0044050367
0.0017797056
-0.0044668692
0
-0.0019396642
0
-0.004569159
-0.031918397
0
0.029007865
0.0013122705
-0.0045147435
0.002420494
-0.028895624
0.028598774
-0.028219564
0.032859664
-0.0016299906
-0.034150096
0.033035155
-0.033609128
0.034760455
-0.037375227
0.010270147
0.027275546
-0.0015220511
-0.0040096092
0.032978492
-0.028009796
-0.033819801
-0.0023735667
-0.036089763
0.010010935
0.029221948
0.0020571036
0.029062836
0.028482366
-0.0035362294
0.037638238
-0.038034818
0
2.99173e-05
0
0.037673304
-0.03783379
1.1227014e-05
3.8348457e-05
0.03771803
-0.037667642
0
4.8932488e-05
0.037564825
-0.037964275
1.1649459e-05
0
-0.037418573
0
0.00017740791
0
-0.037609747
-8.636011e-07
0.00020180238
-0.037902707
0
0.0002043976
-0.036985715
0.00012309497
0
0.037660814
-0.03764022
-5.4846246e-05
-2.2858793e-05
6.1016233e-05
0.037673777
-0.037623841
2.7042736e-05
-4.11062e-05
0.037627156
-0.037799294
-1.7507598e-05
0.037654254
-0.037626507
5.7387298e-05
-0.037575082
-0.0002257277
-6.6675028e-05
0.00027770245
-0.037576855
8.2209226e-05
-0.00021916635
-0.037277783
-0.00014567579
-0.037564329
0.0002662111
0.037613588
-0.037593064
0
2.9855975e-05
0.037594225
-0.037546137
-3.3771095e-05
3.2331791e-05
0.037583064
-0.037503795
0
0
0.037618945
-0.037601926
0
-0.03732112
0
0.0001709481
-0.0371162
-0.00018615178
0.00018013124
-0.03700113
0
0
-0.037336756
0
0.037569313
-0.037988953
-1.5592414e-05
0
0.037681771
-0.037878351
-3.4436536e-05
4.1759769e-05
0.037734476
-0.037689421
0
0.037656509
-0.038082213
0
0
-0.036976981
-1.4356905e-05
0
-0.037590521
-0.00019479965
0.00021636414
-0.037944326
0
-0.03744055
0
0
-0.041835193
0
0.00042107784
0
-0.039984569
0.00031140914
0.00060177396
-0.038178938
0
0.00092537698
-0.040875894
0.00010465389
0
0
0.0031757618
0
-0.0022793999
0.0048488786
0
0.0024622927
0.0031626963
0
-0.037213289
-0.00098058677
-0.00046405512
0.0011978078
-0.037635009
0.00050443772
-0.00071285095
-0.039643213
-0.00015479556
-0.037111895
0.0011579691
-0.0025691118
-0.0016086727
0.0032074909
0.0016869014
-0.0054707053
-0.0033502685
0.0031418198
-0.036334658
0
0.00060092862
-0.035931606
-0.0006364177
0.00059369479
-0.0356071
0
0
-0.036364677
0
0
0.0012705552
-0.0013438794
0.0013381887
0
0
0
-0.041050926
-0.00035359938
0
-0.040342057
-0.00046339699
0.00061966187
-0.038309171
0
-0.042151709
0
0
0.0022037006
0
-0.0031908979
0.0051066773
0
0
0
