FiniteElementSpace
FiniteElementCollection: RT_3D_P0
VDim: 1
Ordering: 0

0.00026242509
0.012917859
-0.01316285
-1.7434102e-05
-0.0021290114
0.013628219
-0.014124298
0.0026250912
0.0028817189
0.013865551
-0.014325654
-0.0024216154
0.00036803868
0.01172867
-0.012139964
4.3254899e-05
0.013233743
-0.012979963
8.6451373e-06
-0.012881083
-5.5625044e-05
-0.00025905312
0.013831647
-0.00048536246
-0.0048019319
0.014171214
-0.014559462
0.0051901803
-0.0089975371
0.013898353
-0.013724529
0.0088237133
-0.0027592368
0.01553295
-0.01603278
0.0032590663
-0.005977807
0.0090983394
-0.0098492307
0.0067286982
0.013547728
-0.0186809
0.00033123971
-0.012209321
0.00025711973
-0.0062452505
0.020400723
0.004699183
0.0057968382
0.014261924
-0.015051252
-0.0050075107
0.0033546244
0.015260584
-0.016400598
-0.0022146106
0.0093083306
0.013994722
-0.014891222
-0.0084118313
0.0058429072
0.009896182
-0.010042004
-0.0056970852
0.012965763
-0.0071298073
-3.911763e-05
-0.012624918
-0.00020197484
0.0060285942
0.009030015
-0.0059003243
0.00031353131
0.0079783247
-0.0084410832
0.00014922717
-0.0027221692
0.0054428238
-0.0062912715
0.0035706169
0.0025821286
0.0062453556
-0.0062764164
-0.0025510678
-0.00020152967
0.003081115
-0.0033081255
0.00042854014
0.0058480722
-0.0055695951
3.5054191e-05
-0.0052391642
9.8109313e-05
-0.00017092607
0.0057118592
-0.00052950295
0.013622251
-0.015979534
0.00022827191
0.00908091
-0.0032532256
-0.0058247909
-2.8935342e-06
0.013383241
-0.01043503
-6.6491335e-05
0.010437409
-0.010192299
0.00012292847
0.00049373511
0.012869463
-0.010843572
0.011460236
0.010980099
-0.0027730886
-0.00033865647
-0.0031707759
-0.012909228
0.00010046929
-0.0083464463
-2.9412432e-05
-0.0099637201
-7.9351358e-05
-0.0084127604
0.00021032791
0.011773049
-0.011325077
-0.0023645296
0.010518831
0.0001284781
0.0092800417
0.0004040924
-0.0029908388
0.017262522
0.0028844323
-0.0094013878
0.0064875431
-0.0031143032
0.012422971
-0.00011407644
0.015692076
-4.5048731e-05
0.013024252
-0.0024673628
0.013609665
-0.00063046155
5.2236483e-05
-0.010084086
0.015589123
0.0019016702
-0.0035573546
-0.00052289333
-0.00018562895
-0.0028953556
-0.012222388
0.00026984319
0.014769958
0.00054932201
0.002208914
-0.013973358
0.011590777
0.00010965544
-0.002876719
0.0096665801
0.0002214199
-0.0046978197
0.010107198
6.5315605e-05
-0.0069134475
0.0094876985
3.0429257e-05
-0.0047290438
-0.004789084
-0.0002361954
0.0055395284
0.0062874439
-0.0046176779
0.0053681223
0.0096627215
-0.0040731793
0.0079104687
0.00022945271
-0.0055148302
0.0058602462
0.00011693604
-0.0059946164
0.0053668245
2.4286418e-05
-0.0078127263
0.0059608915
0.00017591663
-0.0058846209
-0.00025218723
-0.00024669453
0.00070865689
0.0074485064
-0.0060520854
0.006508555
0.0057759087
0.00084958237
0.0073463815
0.00015280856
-0.0097138007
0.0045686999
-1.8190772e-06
-0.0095743915
0.0029631669
1.7346947e-05
-0.011392345
0.0049048688
0.00016770802
-0.0092717263
0.0041991494
-0.00011315568
-0.0038438417
0.011303379
-0.0098680198
0.010223327
0.0042322179
0.0059892905
0.0078641243
-0.00011840129
-0.0060328235
-0.0017128995
0.0062705356
0.00011763848
-0.0061660489
-0.00022212518
0.0061866332
0.00029755189
-0.0076576285
0.0011734435
0.0074968002
6.5929387e-05
-0.0073799125
-0.00018281709
-7.8864448e-05
0.00045828122
0.0074847076
-0.0066473889
0.0069228531
0.0065404422
0.00050004932
0.00032712835
-0.00029063699
0.0028358794
0.0071213378
2.8292695e-05
-0.0079252548
-0.0010605707
0.0089575328
-0.00017058622
0.00094021574
0.0093375687
-0.00026012168
0.0024499696
0.0072978506
0.0010917356
-0.0093135708
0.0079311983
0.0076470013
0.00012255402
0.008464663
0.0084706065
0.0023068375
-0.0056282702
0.0061573122
-0.0079355822
0.008048455
-0.005861007
0.006598077
-0.0061324822
0.0065414544
-0.00063109731
-0.0056003628
0.0078225073
8.4692914e-05
0.0073574616
-0.00016605159
-0.0077745055
0.0077730277
-0.0013862628
0.0056156583
-0.00026484578
0.0026976425
0.0058889551
0.00082841591
0.0052801549
0.0031477934
-0.0084036619
0.0073518584
0.0077786309
0.0079335798
0.0057152482
-0.0061853303
0.0013284549
0.0076367452
0.002383449
-0.0093219537
-0.00089912529
0.00011148551
0.0077951029
0.0076829667
0.00019839593
-0.0075866455
0
-0.005576205
-0.0091343701
-0.00027192049
-0.0047180079
-0.0067141868
0
-0.0054257767
-0.0089295582
0
-0.0042391856
0.013168744
0
-0.013021932
0.0054352867
-0.0046610303
0.0048078419
-0.008335652
0.012871573
-0.010518012
-0.00046032591
-0.0035811241
-0.01203921
-0.00042478237
-0.0012605363
-0.0082491497
-0.00016477837
-0.0014353026
-0.011174421
-0.00033310173
-0.00084239164
0.012349915
-0.00011647861
-0.012469832
0.002068299
-0.001561613
0.0014416955
-0.010559412
0.011576325
-0.0046209318
0
-0.0038201514
-0.0048514766
-0.00016563755
-0.0012741574
-0.0020002113
0
-0.0013079142
-0.0047268331
0
-0.0012012808
0.0059281139
0
-0.0062901103
0.0016691784
-0.0014578285
0.0010958321
-0.0039477054
0.0048779
-0.0098862396
0
-0.0025948814
0.012481121
-0.010622475
-0.00021074968
-0.00066116859
0.011494393
-0.0074155825
0
-0.0010298621
0.0084454446
-0.010406806
0
-0.00059733067
0.011004137
0
-0.011236227
0.0013499878
-0.0010232425
0.0007911521
-0.0095226754
0.010103078
0.010423204
-0.00013736777
-0.013045727
0.0040487243
0
0.0071765656
-0.008744706
0.0015681404
0
-0.010776463
0.0040622763
0
-0.012549914
0.0036203558
-0.01177414
0.0083669526
0.0032698196
0.0036516563
0
-0.0071248069
0.0033215782
-0.013195429
-0.0033981454
0.0035478475
-0.0012451854
0.00094592412
-0.0029981985
0.0029294056
-0.0011871477
0.00099674962
0.011684791
-0.0028698108
-0.010042655
-0.00028296279
0.001692457
-5.0321046e-05
0.0091276971
-0.009449105
0.012536627
-0.0066937748
0.0001113488
0.0075283502
-0.0098172139
0.010480862
-0.0071107399
0.0079576042
-0.0010116427
-0.0093354737
0.0015788257
0.0010289095
-0.0076334618
0.0076507287
0.0093409032
0.0036761232
0.0078952098
-0.0017293136
-0.0097215951
-0.0001448438
-0.0075041102
-0.0065448607
-0.00010747942
0.00044134733
0.012187102
0.0013662727
0.00036639452
0.010325535
0.0035699948
0.00011013449
0.0082947177
0.0014913298
0.0003695067
0.011238831
0.00089065188
-0.012498989
0.010827119
0.0016288683
-0.01201464
0.0016688595
-0.012538981
0.00022900714
-0.0024424527
0.00021119508
0.0089671475
0.0046872082
0
0.0074428418
0.0054750177
0
0.0065157486
0.0052129214
0
0.0088811342
0.0042386697
-0.013119804
0.0083140053
0.0048297652
-0.012932575
0.0046668925
-0.012956931
0
-0.0055140894
0.00010085368
0.0048507803
0.0012937216
0
0.0043757374
0.0036025873
0
0.0018353041
0.001245811
0
0.0047771723
0.001194002
-0.0059711743
0.0041677383
0.0011307624
-0.0051976469
0.0014315617
-0.0062719736
0
-0.0018962362
0.00022478066
0.010623585
0.00067561339
-0.011523979
0
0.0098495396
0.0026007983
-0.012450338
0
0.0074407492
0.0010293239
-0.0084700731
0
0.010384713
0.00060008825
-0.010984801
0.0095169893
0.00080537109
-0.01009758
0.0010291924
-0.011208622
0
-0.0013590827
-0.010427339
0.0094414228
0.0036408592
-0.012715887
0.0067493075
-0.00012237044
0.00096354287
-0.00759048
0.0073611706
0.0010905636
-0.0083415997
0.0098698781
0.0010575127
-0.010557884
0.0017759811
0.0092714142
-0.0016059725
-0.0010574627
0.0077075891
-0.0076744882
-0.0094028312
0.013210221
0.0034614209
-0.013030782
0.0012465012
-0.0087530314
0.0012195571
-0.011686024
0.0030064547
-0.01250115
-0.0029556427
0.0029095023
0.00030612827
0.0099945901
-0.011745804
0.00909629
-8.4547371e-05
0.0002190689
-0.0042827038
0
-0.0071609812
-0.0015920502
0
-0.0036200157
0
-0.0041753042
0.010691053
-0.0082907009
-0.0032360347
-0.0035967113
0
0.0070943415
-0.0033026744
-0.0036153505
-0.0079885281
0.0098646919
0.0020330319
0.0073515237
1.3224465e-05
-1.8275597e-05
-0.006575242
-0.00011988919
0.00068390487
-0.00076554535
-6.6385717e-05
0.0012589414
-0.0039147249
-5.6729972e-05
0.0039941271
-0.0013552685
-0.00021976963
0.00067793992
-0.00091075884
0.00045258855
0.0014401578
-0.0011192192
-0.00044082786
-0.0014365376
0.00076990698
6.1825974e-05
0.0019670224
-5.2695259e-05
0.0015905092
-0.0075156209
0.00025499912
0.0024210547
-0.011673591
4.8890223e-05
0.0065536161
-0.0093617432
8.2587268e-05
0.0018538325
-0.0090701533
0.0071337335
0.0026936896
-0.0085111652
0.0057647804
-0.0089931592
0.0076157275
0.00019456886
0.0098422133
-0.00020238444
0.0076999635
-0.0016546718
5.5797723e-05
0.0096707975
-0.0063719708
-0.00016533798
0.011962497
-0.0024888284
-0.00019840663
0.0088358588
-0.0020578711
-0.0065795811
0.008801977
-0.0019113734
-0.007092988
-0.0023608998
-0.0061300548
-1.2479518e-05
0.0035532222
-0.00020723466
0.00077851171
-0.0010216259
0.00045034881
8.8155066e-06
0.0014723707
-0.0054866851
0.0040054989
-0.00018747761
0.0051704
-0.0017398523
-0.0032430701
-8.7015669e-05
0.00085346708
-0.0011839845
0.00041753305
0.0020486344
-0.0013002309
-0.00095563821
-0.0017730381
0.00089034029
0.00015316306
0.0022095479
-0.00048594254
0.0019998889
-0.0045185323
0.0024522576
0.0058264444
0.00019962455
-0.0016018397
-0.0044242293
0.0048159307
-0.0011727911
-0.0036998696
0.0019047973
-0.0011322117
-0.00099235525
-0.002155005
0.0021089817
0.0020459122
0.0011784524
0.0044816991
-0.0044760377
-0.002230501
-0.0035935363
-0.0049322229
0.004007227
-0.0020746147
-0.002770295
-0.0015824281
0.00090056516
-0.0056741053
0.0046261346
0.0050534696
-0.0047043313
-0.00023480972
0.0013456048
0.0023492676
0.0024693923
-9.1164954e-05
0.00011141188
0.0054863243
7.5393949e-05
-0.0055245023
0.0026788133
0.00012934507
0.006350622
8.5265804e-05
0.0072467814
-0.00077843115
-0.0027475162
0.0052081956
0.0062967954
-2.5489843e-05
0.0055438541
0.0052275474
0.0048242788
-0.0038032871
0.00076073425
-0.0024701091
0.0048349833
4.1532045e-05
0.00013437314
-0.0060298137
0
0
-0.0021845188
0.0017239345
0
0.00046058429
0
0
-0.0040109069
0.0014520182
0.00037436984
0
-0.0045365513
0.0031694119
0.0024801571
0.00033900049
0
0.0037874038
0
0.00041668779
0
-0.0022890483
0.0016810343
0
0.0010685983
0
-0.0041681295
0.0014170196
0.00083643142
-0.0046787485
0.0030944889
0.0025749151
0.0007653647
0.0036927164
0
0.00097992083
0
0
-0.005207143
0.00096145524
0.00023478085
0
0
-0.0056212545
0.00033533067
7.8780851e-05
0
-0.0063253291
0.00072232536
0.0058668485
7.1485927e-05
0
0.0020789232
0.00021282924
0
-0.0053688329
0.00093935754
0.00049612673
0
-0.0057750736
0.00032789711
0.00015712436
-0.006463191
0.00070744492
0.0060124671
0.00014266199
0.0020335225
0.00045238284
0
-0.0072931922
0.0035037251
0.005698204
0.00017018626
0
-0.0078328514
0.0012042613
5.7723314e-05
0
-0.011022554
0.0028525592
0.0093339181
4.0337787e-05
0
0.0053126307
0.0074112568
0.00011375579
-0.0074067544
0.0034409823
0.005805953
0.00036352782
-0.0079408644
0.001184875
0.00011440322
-0.011095993
0.0028363641
0.0094038986
8.0943098e-05
0.0052481102
0.0074671403
0.00024338635
0
-0.0031861721
0.0066480495
0
0.00032552649
0
0.0054141796
0.00026726427
0
0.0074538807
0.0052052224
0.00016633317
0
0.011669226
0
0.00018404597
-0.0032567678
0.0064967492
0
0.00077826153
0.0053000004
0.00061093782
0.0073333715
0.005219647
0.00038045533
0.011453532
0
0.0004469106
0
-0.0025894544
0.0015993902
0
0.0020586625
0
-0.0045709863
0.001350002
0.0014679613
-0.0050524351
0.0029417559
0.0028564323
0.0013696137
0.0034982067
0
0.0019375367
0
-0.0036994966
0.0014952121
0
0.004262947
0
-0.0052420993
0.0012609653
0.0017495986
-0.0056853348
0.0027259472
0.0039470056
0.001642961
0.0032311719
0
0.0041485825
0
-0.0056971505
0.00089680838
0.00072548255
0
-0.0060722203
0.00031349743
0.00021869668
-0.0067304229
0.00067832756
0.0063096232
0.00019863159
0.0019421054
0.0006642739
0
-0.0061601954
0.00083846982
0.00080510887
0
-0.0064779219
0.00029361663
0.00024280657
-0.0070957275
0.00063775701
0.0067305131
0.00021970562
0.0018130108
0.00073491125
-0.0076390882
0.003306574
0.0061058226
0.00053232475
-0.0081440397
0.001140699
0.00015698337
-0.01123223
0.0028160545
0.0095356156
0.00010220166
0.0051067513
0.0076413741
0.00033745051
-0.007967084
0.0030994576
0.0066284254
0.00058453657
-0.0084316047
0.0010807916
0.00017846953
-0.0113387
0.0026992118
0.0097259941
9.6487663e-05
0.0048684508
0.0079536278
0.00034082363
-0.0034824681
0.0061370193
0
0.001621917
0.0050423824
0.0011336658
0.0070499177
0.0052957506
0.00071854349
0.010928341
0
0.00095133907
-0.0044944097
0.005526057
0
0.0038214416
0.004621236
0.0013723927
0.0065036796
0.0059573103
0.00083241738
0.0096234492
0
0.0028112572
0
0
-0.001503026
0.0015028538
0
1.7223609e-07
0
0
-0.0030426299
0.0015018186
3.7785279e-05
0
-0.0030461261
0.0030461945
0.0015014045
3.456487e-07
0
0.0030415877
0
-3.7329469e-05
0
-0.0014748648
0.0014747956
0
2.4144916e-07
0
-0.0029588843
0.0014734399
4.836484e-05
-0.0029645342
0.0029650841
0.0014727642
4.7145327e-07
0.0029579667
0
-4.7736351e-05
0
0
-0.0046904001
0.0014921632
0.00015560704
0
0
-0.0068212169
0.0014593579
0.00067145892
0
-0.0068778318
0.0030150168
0.0047127084
0.00060946444
0
0.0030441637
0.00011458187
0
-0.0044497416
0.0014605294
0.00018593494
0
-0.0055951356
0.0014129165
0.00040393649
-0.0057018924
0.0028976457
0.0044837566
0.00034287095
0.0029597335
0.00013460022
0
-0.0047266749
0.004727301
0.003042297
1.2405849e-06
0
-0.0069165906
0.0047579771
0.00044695551
0
-0.0067992016
0.0067917892
0.0047584694
6.9200699e-06
0
0.0069178894
0.003009793
-0.00044191194
-0.0045194231
0.0045224589
0.0029564015
1.5368714e-06
-0.0058747999
0.0044997736
0.00020020438
-0.006025117
0.0060339961
0.004492162
5.6526024e-06
0.0058789395
0.0028888273
-0.00019505791
0
-0.0014905616
0.0046870975
0
-0.00015494815
0
0.0047113407
-0.0001134108
0
0.0068721721
0.0014564913
-0.00060752969
0
0.0068139005
0
-0.00067031181
-0.0014583262
0.0044464139
0
-0.00018506916
0.0044828406
-0.00013309209
0.0056960763
0.0014090684
-0.00034100642
0.0055880451
0
-0.00040287456
0
-0.001436511
0.0014365831
0
1.6936144e-07
0
-0.0028542759
0.0014349477
3.1182014e-05
-0.0028622935
0.0028634773
0.0014339091
3.2624582e-07
0.0028535058
0
-3.0749921e-05
0
-0.0014105199
0.0014106892
0
0
0
-0.0027882596
0.0014089217
0
-0.0027976934
0.0027993125
0.0014076289
0
0.0027875682
0
0
0
-0.0041817314
0.0014183866
9.5003837e-05
0
-0.0053147347
0.0013604282
0.00017651153
-0.0054396061
0.0027731555
0.0042283665
0.00014138328
0.0028561036
6.295615e-05
0
-0.0040839492
0.0013906934
0
0
-0.00523638
0.0013289424
0
-0.0053672402
0.0027018894
0.0041356765
0
0.0027916327
0
-0.0042832905
0.0042891055
0.0028507898
1.0356526e-06
-0.0056513298
0.0042702829
7.1116317e-05
-0.0058386959
0.0058572249
0.0042527115
4.6950382e-06
0.0056552458
0.0027607276
-6.9214291e-05
-0.0041987469
0.0042064895
0.0027849256
0
-0.0056042408
0.0041784996
0
-0.0058585493
0.0058886017
0.0041531423
0
0.0056018291
0.0026885885
0
-0.0014154279
0.0041783121
0
-9.4447587e-05
0.0042277796
-6.2032452e-05
0.0054324867
0.001355497
-0.00014048301
0.0053068442
0
-0.00017590965
-0.0013873062
0.0040804268
0
0
0.0041348995
0
0.0053597893
0.0013232157
0
0.0052277328
0
0
0
0
-0.0017232223
0.0021838856
0
-0.00046066332
0
0
-0.003786028
0.0024800138
-0.00041720812
0
-0.0031682279
0.0045363291
0.0014514047
-0.00033949203
0
0.0040097451
0
-0.0003744548
0
-0.0016801568
0.0022877973
0
-0.0010683039
0
-0.0036910711
0.0025741864
-0.00098048015
-0.0030930296
0.0046774067
0.0014162399
-0.00076592268
0.0041658183
0
-0.00083623583
0
0
-0.0066462252
0.0031869747
-0.00032677746
0
0
-0.011667304
0.0052073796
-0.00018630064
0
-0.0074516565
0.0074151769
0.0054126464
-0.00016878719
0
0.005699819
-0.00026842582
0
-0.0064941798
0.0032571839
-0.00078085276
0
-0.011451413
0.0052219258
-0.00045099299
-0.0073312251
0.0074710633
0.0052975439
-0.00038424347
0.0058067784
-0.00061350603
0
-0.0035028035
0.0072955692
0.0020781162
-0.0001710628
0
-0.0053114329
0.0093398157
-0.00011600948
0
-0.0028527582
0.011030005
0.0012039599
-4.1391092e-05
0
0.007835538
0.00072204049
-5.8049422e-05
-0.0034392153
0.0074081217
0.0020324874
-0.00036567823
-0.0052479472
0.0094102413
-0.00024645561
-0.0028376632
0.011104511
0.0011842066
-8.220466e-05
0.007942482
0.00070706772
-0.0001152709
0
-0.00096103615
0.005205637
0
-0.00023485574
0
0.0058666159
-0.00021320678
0
0.0063251063
0.00033518099
-7.1630908e-05
0
0.0056196297
0
-7.8811707e-05
-0.00093880726
0.0053658111
0
-0.00049604126
0.0060107334
-0.00045285326
0.0064613368
0.00032769817
-0.00014286482
0.0057718045
0
-0.000157107
0
-0.0015979266
0.0025868598
0
-0.0020572371
0
-0.0034961612
0.0028544064
-0.0019366519
-0.0029397329
0.0050484943
0.0013485906
-0.0013688684
0.0045662256
0
-0.001467011
0
-0.0014927685
0.0036942382
0
-0.0042587068
0
-0.0032266034
0.0039424718
-0.0041452888
-0.0027202526
0.0056769318
0.0012586139
-0.0016416895
0.0052336318
0
-0.0017477907
0
-0.0061344466
0.003481882
-0.0016244494
0
-0.010922161
0.0052987436
-0.00096202234
-0.0070397944
0.0076439599
0.0050396344
-0.00072929979
0.0061041317
-0.0011358542
0
-0.005526988
0.0044927551
-0.0038168199
0
-0.0096260066
0.0059614104
-0.0028244142
-0.0065006348
0.0079534967
0.004619374
-0.00084012528
0.0066214376
-0.0013654153
-0.0033045771
0.0076368593
0.0019405664
-0.00053439515
-0.0050988715
0.0095409801
-0.00034918127
-0.0028146216
0.01124153
0.0011399188
-0.00010805156
0.0081418551
0.00067779493
-0.00015814284
-0.0030980006
0.0079547907
0.0018076968
-0.00057744441
-0.0048625073
0.0097117576
-0.0003429355
-0.0027101208
0.011352067
0.0010818022
-0.0001200425
0.0084184593
0.00063545623
-0.00017546552
-0.00089569909
0.0056910227
0
-0.00072513935
0.0063042927
-0.00066378433
0.0067245639
0.00031306216
-0.00019840327
0.0060655981
0
-0.00021862024
-0.00083677869
0.0061494676
0
-0.0008041965
0.0067191468
-0.00073508127
0.0070835206
0.00029301863
-0.00022033943
0.0064665635
0
-0.00024269749
0
-1.0779509e-06
2.4607132e-06
0
-2.1333029e-06
0.0084345304
-0.008431003
0
6.6805998e-05
-0.0010105253
0
-6.9014055e-05
0.0010173809
-4.3632632e-06
3.7609545e-06
-1.9012373e-07
0.008364742
-0.0083619527
0.00014612582
-0.001068241
-0.00015867199
0.0010783459
0
-3.7306185e-06
0.010427488
-4.2016929e-06
-0.010421421
0
-1.3466386e-06
-0.0084435252
0.0084399968
0
-5.1750067e-05
0.0094832528
0
4.6256337e-05
-0.0094771786
-8.0962479e-07
0.010394132
-6.4846495e-06
-0.010389108
-1.0311661e-05
-0.0083737748
0.0083717727
-0.00010766014
0.0094780736
0.00010775117
-0.0094727633
0
6.6881744e-05
-0.0041979888
0
4.3390169e-05
0.0075224402
-0.011742124
0
3.3548807e-05
-0.0089063393
0
2.221153e-05
-0.0029100869
0.00013142994
-0.0042569272
9.6723579e-05
0.007479272
-0.011762866
6.3360509e-05
-0.0089414077
3.9969153e-05
-0.0029187146
0
-6.8710528e-05
0.0042061751
0
-4.883995e-05
0.011751514
-0.007520919
0
-2.5973872e-05
0.0029195563
0
-3.4848119e-05
0.0089161799
-0.00014701148
0.0042692769
-9.5877888e-05
0.011773059
-0.0074802629
-6.1615098e-05
0.0029316897
-7.253663e-05
0.0089542399
3.6279915e-06
2.184983e-06
-2.1299828e-05
0.0082225199
-0.0082097801
0.00027225618
-0.0012229275
-0.0002498645
0.0012283218
3.2221252e-05
0.0080215919
-0.0080394528
-0.0014588458
0.0015448008
-4.1072867e-05
0.010339336
-7.8933738e-08
-0.010319125
2.0284293e-05
-0.0082275048
0.0082121279
-0.00017707577
0.0094751575
0.00012520505
-0.0094591593
0.010138122
-4.4440129e-05
-0.010199512
-0.0079887332
0.0080157122
0.0094861215
-0.0095150373
0.00021196791
-0.0043926769
8.1576845e-05
0.0074041597
-0.011789263
0.00011467273
-0.0089988649
7.2418649e-05
-0.0029311905
-0.0045253879
0.0071916032
-0.0117943
-0.0089829245
-0.0029390414
-0.00017985899
0.0043927097
-0.00015313944
0.011815405
-0.0073940641
-5.7147666e-05
0.0029430382
-0.00010225729
0.0090156433
0.0046175387
0.011746214
-0.0072618233
0.0029241294
0.0089936385
0
1.3243797e-05
-0.01248397
0.0035710092
0
1.3865594e-05
0.011002275
-0.007438199
0
4.8373521e-06
-0.010217735
0.0027771174
0
1.2872654e-05
0.0080857522
3.1119556e-05
-0.012509346
0.0035590003
3.5676935e-05
0.010979883
-0.0074317883
4.5090069e-06
-0.010193833
0.002762209
2.8853935e-05
0.0080531777
0
-3.8112213e-06
0.0027758309
-0.0069312986
0.0041573733
0
-2.1411825e-06
-0.0069256133
-4.6146904e-06
0
-2.2637692e-06
0.0080822694
0
2.9193654e-06
-0.0041499556
-1.6417705e-05
0.0027623281
-0.0068970501
0.0041410253
-2.6005096e-06
-0.006890331
-6.4894127e-06
-7.3878334e-06
0.0080492504
3.9393396e-06
-0.004128632
0
-5.9906699e-07
-0.0063991944
0.0022495384
0
4.3542127e-07
0.0022473546
1.9661149e-06
0
-7.7586679e-07
-0.0015542647
0.0015566187
0
-1.8482972e-06
0.006405652
5.1533112e-07
-0.0063603644
0.0022311752
-5.9872197e-06
0.0022302985
4.0880271e-06
3.8033465e-06
-0.0015421046
0.001543903
5.4389896e-06
0.0063676801
0
-1.8376783e-05
0.011011014
0
-1.6239945e-05
0.0035712551
0.007447879
0
-7.3123983e-06
0.010227366
0
-1.4741683e-05
0.012494806
-3.9688109e-05
0.010991596
-4.4724119e-05
0.0035599688
0.0074458691
-1.8430705e-06
0.010205462
-3.4789704e-05
0.012524233
3.4920155e-05
-0.01254051
0.0035397452
3.1762388e-05
0.010906748
-0.0073650452
-8.7261287e-07
-0.010072513
0.0027101586
1.5142667e-05
0.0079824128
-0.012241825
0.0034038598
0.010596324
-0.0070792982
-0.0096025975
0.0025641567
0.0076892986
1.5061317e-05
0.0027029488
-0.0067877234
0.0040690351
-2.6581467e-05
-0.0067685945
-7.1384998e-06
-1.2290878e-05
0.0079777259
-5.5322125e-06
-0.0040537001
0.0025910922
-0.0064580126
0.003912148
-0.0064528825
-3.1165783e-05
0.0076946203
-0.0038268194
-1.8853606e-05
-0.0062294892
0.0021854736
1.9189275e-05
0.0021703335
2.5518945e-06
-1.9639436e-05
-0.0014997207
0.001513994
-3.2800407e-05
0.0062584883
-0.0058860602
0.0020542218
0.0020940145
4.6383448e-05
-0.0014268888
0.0014199447
0.0058960235
-5.2123551e-05
0.010926982
-3.8101888e-05
0.0035426971
0.0073809736
-4.3726188e-05
0.010104864
-3.8832748e-05
0.012560362
0.010620587
0.0034230529
0.0071722432
0.0096422691
0.012314606
-0.004953193
-0.0052013043
-0.0046106379
0.00074095122
-0.006960631
-0.0043201444
-0.0069845532
-0.0044668211
-0.0061337797
-0.003003837
-0.0040698271
-0.0028334398
0.0012564921
-0.0062149182
-0.0025986726
-0.0057032613
-0.0027960699
-0.0054536833
-0.0034331647
1.3616159e-05
0.0077438808
-0.0088550497
-0.00391414
-0.00041093844
0.0073117078
-0.0041793231
0.00020134851
-0.0037866126
-0.0084326888
-0.0021141979
0.00035315401
0.0066673381
-0.0076799755
-0.002370622
-0.00080060668
0.0066961858
-0.0026301495
0.00046791566
-0.0023142035
-0.0072400726
-0.0031379722
-0.008887401
-0.0024570875
3.9203897e-05
-0.0100069
-0.0013516223
-0.010672961
-0.0027823548
-0.0097735783
-0.0018161841
-0.00731643
-0.0014592476
0.00038448222
-0.0081998322
-0.00077270463
-0.0083108215
-0.0016571731
-0.0078580841
-0.0041878325
-0.0064857416
-0.0039293201
-5.9726963e-06
-0.0075411515
-0.0035622934
-0.0085038038
-0.0040086083
-0.0068575261
-0.0026316981
-0.0059614813
-0.0024827943
0.00015294558
-0.0068376898
-0.0022069125
-0.0071622263
-0.002543851
-0.0061836738
-0.001424611
-0.0035188623
-0.0013426932
0.001492987
-0.0057572226
-0.0012196061
-0.0048037949
-0.0013450048
-0.004934438
0
-0.0032705754
0
0.0015858793
-0.0055278013
0
-0.0043880058
0
-0.0046817587
-0.0010024681
0.0005170407
0.0058509426
-0.0069238482
-0.0011310084
-0.0010152635
0.0062463993
-0.0012603157
0.00062704442
-0.0010820103
-0.006435155
0
0.0005874601
0.0054659943
-0.0065546885
0
-0.0011104193
0.0060109094
0
0.00069899284
0
-0.0060394302
-0.00085069261
-0.0061829895
-0.00067712643
0.0005367404
-0.0071107904
-0.00035929679
-0.0070977887
-0.00078170512
-0.0068248418
0
-0.0056596677
0
0.00060226689
-0.0066004978
0
-0.0065373396
0
-0.0063432741
-0.0012785013
-0.00548916
-0.0011995862
0.00023677825
-0.0063675423
-0.0010598925
-0.0064240116
-0.0012371706
-0.0057838021
0
-0.0052549925
0
0.00027531643
-0.006130102
0
-0.0060725882
0
-0.0055796489
-0.00066017554
-0.010855479
-0.00011766214
-0.0012479856
0.010259106
-0.010533582
-0.00055311272
-0.010573901
-0.00010431999
-0.002183307
-0.00021338076
-0.0003821568
-0.0085753501
0.0001255192
-0.00069598603
0.0084660222
-0.0086165028
-0.00034978084
-0.0087770237
5.8854941e-05
-0.0013282008
0.00018038505
-0.0022901012
0.0091381955
0.00014536255
-0.0096376067
-0.0019144742
-0.010135963
0.0098036574
-0.0025169475
0.0091496777
-0.0010500774
-0.010308818
-0.0014338932
0.0079507886
-6.0079251e-05
-0.0083188134
-0.0012252906
-0.0085971575
0.0081924864
-0.0015164772
0.0078726364
-0.00063606395
-0.0087453093
-0.00047698471
-0.010337597
-6.3312787e-05
-0.00095011574
0.01003657
-0.010136446
-0.00045196347
-0.010209129
0
-0.0017969553
0
-0.00031945996
-0.0088489635
2.4891769e-05
-0.00059597461
0.0086335451
-0.0087857239
-0.00030271464
-0.0088603483
0
-0.0011674918
0
-0.0031530201
-0.00013661999
-0.0033782594
0.0077342295
-0.0085122349
-0.0029872645
0
-0.0038227981
0
-0.0019708742
0.00011933716
-0.0021054352
0.0068894996
-0.0074065746
-0.0018988364
0
-0.0024111466
0
-0.00017575291
-0.0073738803
0.00017288963
-0.00032998699
0.007482318
-0.0074924279
-0.00016079023
-0.0076927482
0.00010582502
-0.00062277525
0.00030476345
0
-0.0068208204
0.00019560437
0
0.0070120455
-0.0069814346
0
-0.0071866542
0.00012482449
0
0.0003573837
-0.00069478698
0.0072310621
-0.00013017517
-0.00747044
-0.00058226064
-0.0076874043
0.0072357142
-0.00072783188
0.007146155
-0.00030548972
-0.0077468664
0
0.0068842947
-0.00016015492
-0.0070715333
0
-0.0072495028
0.0067982175
0
0.0067916853
0
-0.0072774232
-0.00015037636
-0.0078804697
4.9061461e-05
-0.00029070292
0.0077727554
-0.0078763298
-0.00014560716
-0.0079548835
0
-0.00056286106
0
0
-0.0074129427
6.0331336e-05
0
0.0073529638
-0.007437984
0
-0.0075107875
0
0
0
-0.0009438376
0.00020862509
-0.0010186955
0.0064045268
-0.0067392716
-0.0009152555
0
-0.0011696972
0
0
0.00024717829
0
0.0061644975
-0.006426667
0
0
0
0
0
-0.001420674
0.0032655307
0
-0.0013393001
-0.0015837434
0.0055189241
0
-0.0012149301
0.0043785985
0
-0.0013391494
0.0046738764
-0.0029997995
0.003516446
-0.0028196254
-0.0014912359
0.0057478445
-0.0025950191
0.0047961995
-0.0027887829
0.0049296572
0
-0.00099776197
-0.00058644466
-0.0054526004
0.0065379261
0
-0.0011240618
0.0011087283
-0.0059992978
0
-0.0012557211
-0.00069756082
0
-0.0010792674
0.0060269605
-0.0020944805
-0.00051683593
-0.0058381205
0.0069033157
-0.0023648382
0.0010150443
-0.0062327767
-0.0026088648
-0.00062654759
-0.002295943
0.0064195816
0
-0.00084620869
0.0056458683
0
-0.00067540724
-0.00060133723
0.0065849092
0
-0.00035733636
0.0065208799
0
-0.00077670744
0.0063249426
-0.0018167769
0.0061697844
-0.0014445828
-0.0005370304
0.0070914026
-0.00077226999
0.00707853
-0.0016499701
0.0068029166
0
-0.0012711373
0.0052448521
0
-0.0011931713
-0.00027467181
0.0061161095
0
-0.0010528606
0.0060560952
0
-0.0012298575
0.0055679898
-0.0026212652
0.0054810031
-0.0024619622
-0.00023645533
0.0063518539
-0.0021921785
0.0064046769
-0.0025270092
0.0057719098
-0.0049341437
0.0040682416
-0.0046228902
-0.0012454422
0.0062153162
-0.0042791581
0.0056919704
-0.0044240271
0.0054511194
0.0052487033
-0.00073799117
0.0069454705
0.0070590828
0.0062192592
-0.0034223322
-0.00034983377
-0.0066419265
0.0076556861
-0.0038342697
0.00078700534
-0.0066942161
-0.0041801074
-0.00045747536
-0.0038012552
0.0072316318
-4.9045762e-05
-0.0078082876
0.0087862448
0.00042087231
-0.0072886707
-0.00021498767
0.0083871567
-0.0030776078
0.0072846028
-0.0024838734
-0.00037674383
0.008180992
-0.0013290736
0.0082839282
-0.0027409496
0.007824432
0.0089578517
-6.7348516e-05
0.0098993724
0.010596377
0.0096327714
-0.0041231608
0.0059487183
-0.0039081715
-0.00015069086
0.0068225138
-0.0035153652
0.0071342733
-0.0039687408
0.006172004
0.0065611025
-8.8185625e-06
0.0075037897
0.0083804735
0.0068255358
0.00065038878
0.00011611518
0.010838203
0.001237099
0.010490092
-0.010158097
0.0021620875
0.00017862826
0.00055262069
0.00011298957
0.010546118
0.00038071006
-0.00012660204
0.0085453697
0.00069129553
0.008575074
-0.0084287743
0.0013186896
-0.00018264331
0.00034738875
-6.1027622e-05
0.0087387175
0.0022824572
0.0095863253
-0.00014613879
-0.0090781878
0.001906585
-0.0097220616
0.010077381
0.0010524425
0.010273928
0.002489189
-0.0090573174
0.0014238437
0.0082778617
6.349718e-05
-0.0079120522
0.0012165763
-0.0081469611
0.0085554627
0.00063149502
0.0087049088
0.0015058485
-0.0078379342
0.0031189712
0.00010727463
0.0033407307
0.008441878
-0.0076715225
0.0037830445
0
0.0029660501
0
0.0019550657
-0.00012170807
0.0020893883
0.0073709585
-0.0068669953
0.0023930618
0
0.0018838628
0
0.00047805644
6.8817401e-05
0.010303889
0.00095069182
0.010098287
-0.0099902189
0.001793011
0
0.00045234017
0
0.010172161
0.00031783172
-2.54749e-05
0.008810496
0.00059296255
0.0087474577
-0.008594068
0.0011605985
0
0.00030143221
0
0.0088229117
0.00017491075
-0.00017244285
0.0073538725
0.00032817573
0.007466558
-0.0074574409
0.00061914112
-0.00030475007
0.00015983364
-0.00010575804
0.0076660936
0
-0.00019536549
0.0068037007
0
0.0069601379
-0.0069914155
0
-0.00035690237
0
-0.00012458379
0.0071646385
0.00068999016
0.0074413757
0.00013056845
-0.0072050174
0.00057834394
-0.0072087803
0.0076584649
0.00030352853
0.0077166901
0.00072294451
-0.0071220783
0
0.0070476173
0.0001599709
-0.0068625931
0
-0.0067762419
0.0072253848
0
0.0072525653
0
-0.0067716721
0.00093757653
-0.00020865686
0.0010116378
0.0067175094
-0.006387291
0.0011622993
0
0.00090884681
0
0
-0.00024678865
0
0.0064081697
-0.0061491394
0
0
0
0
0.00014936777
-4.9221276e-05
0.0078501433
0.00028878889
0.007845048
-0.0077421824
0.00055898511
0
0.00014466859
0
0.0079234298
0
-6.0181466e-05
0.0073874306
0
0.0074113228
-0.0073271098
0
0
0
0
0.0074836571
